0 0.304233 0.116466 0.121693 0.112450
1 0.693122 0.118474 0.095238 0.116466
1 0.743386 0.861446 0.079365 0.108434
1 0.632275 0.859438 0.089947 0.104418
2 0.298942 0.246988 0.121693 0.124498
3 0.687831 0.267068 0.105820 0.124498
4 0.301587 0.415663 0.126984 0.116466
5 0.693122 0.417671 0.105820 0.104418
6 0.306878 0.564257 0.126984 0.124498
7 0.674603 0.560241 0.121693 0.124498
8 0.304233 0.706827 0.132275 0.112450
9 0.693122 0.710843 0.116402 0.112450
1 0.248677 0.861446 0.084656 0.124498
0 0.359788 0.869478 0.137566 0.132530
