0 0.177665 0.140625 0.142132 0.125000
0 0.497462 0.765625 0.142132 0.125000
1 0.482234 0.140625 0.040609 0.125000
1 0.784264 0.773438 0.035533 0.117188
1 0.743655 0.773438 0.035533 0.125000
2 0.771574 0.140625 0.101523 0.125000
1 0.418782 0.765625 0.045685 0.125000
3 0.187817 0.345703 0.131980 0.128906
4 0.477157 0.357422 0.142132 0.136719
5 0.771574 0.353516 0.101523 0.121094
6 0.197970 0.564453 0.142132 0.128906
7 0.482234 0.560547 0.131980 0.121094
8 0.771574 0.562500 0.111675 0.125000
9 0.197970 0.775391 0.101523 0.121094
