0 0.146893 0.140000 0.090395 0.088000
0 0.149718 0.571000 0.096045 0.114000
1 0.317797 0.147000 0.087571 0.090000
1 0.324859 0.573000 0.079096 0.110000
2 0.505650 0.145000 0.090395 0.086000
2 0.498588 0.571000 0.081921 0.102000
3 0.689266 0.140000 0.084746 0.092000
3 0.686441 0.573000 0.090395 0.102000
4 0.871469 0.574000 0.098870 0.108000
4 0.857345 0.140000 0.110169 0.100000
5 0.149718 0.343000 0.090395 0.086000
5 0.149718 0.783000 0.090395 0.086000
6 0.317797 0.345000 0.110169 0.086000
6 0.317797 0.787000 0.104520 0.090000
7 0.498588 0.784000 0.110169 0.096000
7 0.508475 0.343000 0.096045 0.086000
8 0.686441 0.784000 0.090395 0.088000
8 0.689266 0.343000 0.090395 0.086000
9 0.857345 0.787000 0.115819 0.102000
9 0.864407 0.348000 0.096045 0.096000
