0 0.400498 0.831126 0.084577 0.165563
1 0.121891 0.162252 0.074627 0.165563
1 0.661692 0.831126 0.069652 0.178808
1 0.582090 0.831126 0.069652 0.178808
1 0.320896 0.831126 0.074627 0.165563
1 0.825871 0.831126 0.069652 0.165563
2 0.365672 0.162252 0.094527 0.178808
2 0.900498 0.831126 0.089552 0.165563
3 0.621891 0.162252 0.109453 0.178808
4 0.860697 0.162252 0.089552 0.178808
5 0.126866 0.496689 0.094527 0.185430
6 0.360697 0.496689 0.114428 0.185430
7 0.621891 0.496689 0.099502 0.185430
8 0.868159 0.496689 0.094527 0.172185
9 0.129353 0.831126 0.089552 0.178808
